1.781226382282952159e+00 -4.280839725696558844e+02 -4.280804732773066803e+02 3.216609147926874357e-04 1.455546794204565053e+01 -2.018669168965168126e+02
1.862486539756957882e+00 -4.477250607813854231e+02 -4.477216156051415510e+02 -6.899419897621328346e-04 1.522337811366014293e+01 -2.096529117925687160e+02
1.947891587029459970e+00 -4.682669489313227018e+02 -4.682640894543865784e+02 -1.937256698170131131e-03 1.592326270838384161e+01 -2.177279843876895882e+02
2.038310938413445683e+00 -4.897487683135501584e+02 -4.897468148093011564e+02 -2.859289562451294842e-03 1.665512172621674480e+01 -2.261022428479400048e+02
2.133441111940470591e+00 -5.122130892794807551e+02 -5.122120752125703120e+02 -3.069034939073844725e-03 1.741540245348005200e+01 -2.347860977920674941e+02
2.231466877347543232e+00 -5.357067135628277583e+02 -5.357060915233269043e+02 -2.424809775192215966e-03 1.821476303121016471e+01 -2.437902658066022354e+02
2.332101662702257272e+00 -5.602770871532527508e+02 -5.602760919091238065e+02 -1.094366300691262950e-03 1.905320345940708293e+01 -2.531257847730898902e+02
2.438139518169180064e+00 -5.859708616510914680e+02 -5.859695479990598415e+02 2.164111414515446086e-04 1.992717102439200616e+01 -2.628040174542043133e+02
2.551741559084774735e+00 -6.128375686585413860e+02 -6.128365888591175690e+02 7.486198825290557579e-04 2.084021843984373490e+01 -2.728366669938466771e+02
2.672078783810150071e+00 -6.409321650055836699e+02 -6.409315593436914469e+02 -9.144280355144474015e-05 2.179945113311987015e+01 -2.832357857509464338e+02
2.797602971590151810e+00 -6.703119271862262849e+02 -6.703111200392015689e+02 -2.527344651781504581e-03 2.279776367686281091e+01 -2.940137757932816953e+02
2.926354295485822377e+00 -7.010337473332590434e+02 -7.010330725833817951e+02 -5.294448698123233044e-03 2.384226149843015818e+01 -3.051833805753609568e+02
3.056795230179432110e+00 -7.331564071656054011e+02 -7.331573819681160558e+02 -6.784307466034533718e-03 2.494005002517951297e+01 -3.167577040194728966e+02
3.191609347428681076e+00 -7.667425803993417048e+02 -7.667459636643840213e+02 -6.417084609466883194e-03 2.608047111607447377e+01 -3.287502186063910585e+02
3.335094829918006099e+00 -8.018583456973402690e+02 -8.018633885921780120e+02 -4.113420306595116926e-03 2.727418291215144208e+01 -3.411747675964171549e+02
3.488729093650277946e+00 -8.385739133922527344e+02 -8.385801138505896688e+02 -9.890221122077491600e-04 2.852473812708921841e+01 -3.540455304796594760e+02
3.652234837261403300e+00 -8.769633340846922920e+02 -8.769715174402321054e+02 1.088306223806512207e-03 2.983213676088779920e+01 -3.673770446630264246e+02
3.823385146070279461e+00 -9.171009125204250267e+02 -9.171111747612599174e+02 1.017182860607590555e-03 3.119993152722599206e+01 -3.811842305409172127e+02
3.998306177940946782e+00 -9.590617599744462041e+02 -9.590720544610533125e+02 -1.597979412792938092e-03 3.263522785346139443e+01 -3.954823946085284092e+02
4.177027141629707785e+00 -1.002925634974495438e+03 -1.002934484329664087e+03 -5.771596278236756916e-03 3.412736759855760482e+01 -4.102872028796511472e+02
4.364613746794532290e+00 -1.048777767680029228e+03 -1.048787595703856823e+03 -8.813957094844226958e-03 3.569056161722982523e+01 -4.256146766004604842e+02
4.564142084447553316e+00 -1.096706031829327685e+03 -1.096720291188290730e+03 -9.350918041661770985e-03 3.733191533683565666e+01 -4.414811799418458804e+02
4.774222243838721624e+00 -1.146800596490457792e+03 -1.146819387497607977e+03 -8.762114063642911788e-03 3.903011247530229610e+01 -4.579033928545115373e+02
4.993198117716701745e+00 -1.199155812601944035e+03 -1.199177185331841201e+03 -8.610225897598411393e-03 4.082778559677534957e+01 -4.748983576057170808e+02
5.220224903659698157e+00 -1.253871977497055923e+03 -1.253896846113121910e+03 -9.922199375012041855e-03 4.268940756446681206e+01 -4.924834759542306983e+02
5.455662730788901627e+00 -1.311053188536945299e+03 -1.311084273432037207e+03 -1.328403919842457981e-02 4.464340008780708757e+01 -5.106764707499138467e+02
5.704259380550524838e+00 -1.370805492797970146e+03 -1.370840531861460931e+03 -1.760460943955877156e-02 4.668265773943857511e+01 -5.294952704621706516e+02
5.970775704525976835e+00 -1.433238153488474609e+03 -1.433269463200225800e+03 -2.104818568682276236e-02 4.882139137407647667e+01 -5.489580998221370010e+02
6.251296699765873655e+00 -1.498462145879443597e+03 -1.498489003019457641e+03 -2.071247293855549287e-02 5.105249556436319125e+01 -5.690834978984895542e+02
6.538852688066754126e+00 -1.566591909364170533e+03 -1.566625543648356597e+03 -1.411443356857944309e-02 5.338307573765631986e+01 -5.898902823870173506e+02
6.833132000345187862e+00 -1.637749844769494757e+03 -1.637798416047182627e+03 -8.182894802644113952e-03 5.581313189395586249e+01 -6.113973357877923718e+02
7.137807220523484375e+00 -1.712065548741890098e+03 -1.712125037325264884e+03 -1.486087234781052757e-02 5.837819117004982417e+01 -6.336236691665035323e+02
7.457554054539627941e+00 -1.789669746790018280e+03 -1.789733930593229161e+03 -3.127391029522641475e-02 6.102141014707738975e+01 -6.565884375983372365e+02
7.797817885233371271e+00 -1.870694996441855437e+03 -1.870767279112357073e+03 -4.193131368879221554e-02 6.379252681654178048e+01 -6.803109216481573185e+02
8.157958204535020741e+00 -1.955276168475279519e+03 -1.955364532500880159e+03 -4.249522623922530329e-02 6.671996288787339324e+01 -7.048103678817199125e+02
8.529748463232067479e+00 -2.043551626718354328e+03 -2.043662114168753760e+03 -4.311862230110818928e-02 6.976108579692662204e+01 -7.301059248923706946e+02
8.910260947956771815e+00 -2.135666991849675014e+03 -2.135798319915792945e+03 -5.001916169078413077e-02 7.291589554370146686e+01 -7.562166513218357977e+02
9.307313055202826035e+00 -2.231778304286265666e+03 -2.231920571874766665e+03 -6.027987754464447789e-02 7.624123554705873573e+01 -7.831614061350933298e+02
9.727025456570004280e+00 -2.332038823002847039e+03 -2.332181031673513644e+03 -7.129712497544460348e-02 7.969447324285282264e+01 -8.109588207785094482e+02
1.016727428344665896e+01 -2.436588456598471566e+03 -2.436739522471455530e+03 -8.403195495532145287e-02 8.330403034051413158e+01 -8.396270829698408988e+02
1.062538809340196622e+01 -2.545572404055391871e+03 -2.545754986203249246e+03 -9.888003856417526549e-02 8.708411769475786457e+01 -8.691839821217399731e+02
1.110252883991336148e+01 -2.659159930138585423e+03 -2.659380901240908315e+03 -1.118513525284470234e-01 9.102052445086881960e+01 -8.996465808924654084e+02
1.160060411763197408e+01 -2.777526084474914114e+03 -2.777773181986020518e+03 -1.187924867878109580e-01 9.514167231827740068e+01 -9.310313469283499899e+02
1.212005364921253658e+01 -2.900830775104978329e+03 -2.901096151063299658e+03 -1.228570523750249777e-01 9.941913958755320380e+01 -9.633538365047513707e+02
1.266094883341395416e+01 -3.029229406089086751e+03 -3.029518372324574102e+03 -1.301581662715989296e-01 1.038813479681266330e+02 -9.966287690916999509e+02
1.322509499971147306e+01 -3.162874956850998842e+03 -3.163198305727703882e+03 -1.453586344979385103e-01 1.085709300241432942e+02 -1.030869630901236178e+03
1.381502870329143207e+01 -3.301920185878643224e+03 -3.302295009328375272e+03 -1.718664041874262693e-01 1.134168314820271775e+02 -1.066088724037527300e+03
1.442808478326185195e+01 -3.446529015672510468e+03 -3.446967726709331600e+03 -2.031789595520194780e-01 1.185327391794998846e+02 -1.102296778704655253e+03
1.505743100531731216e+01 -3.596875198489271952e+03 -3.597382339694007442e+03 -2.245770020294912683e-01 1.238049662788398280e+02 -1.139502914454425309e+03
1.570481515349797519e+01 -3.753118755000173223e+03 -3.753693059475238897e+03 -2.332835469758265390e-01 1.293187779083382054e+02 -1.177714549625306972e+03
1.638267335712839667e+01 -3.915403425383175090e+03 -3.916050970180606328e+03 -2.415680707770206936e-01 1.350883849227102189e+02 -1.216937224702832054e+03
1.709848955431425566e+01 -4.083868170367452421e+03 -4.084594491753449347e+03 -2.598987126134488790e-01 1.410569439030950605e+02 -1.257174269033043856e+03
1.784939329715484746e+01 -4.258648410755626173e+03 -4.259455292857921449e+03 -2.931764198024211510e-01 1.473097199777839421e+02 -1.298426376450805719e+03
1.863103077252503681e+01 -4.439880982220443912e+03 -4.440763346455895771e+03 -3.390439812847034773e-01 1.537898697279160558e+02 -1.340691806416316467e+03
1.943871659383944461e+01 -4.627714115483769092e+03 -4.628671500415918672e+03 -3.780211845594294573e-01 1.605542365723522096e+02 -1.383965997872962816e+03
2.026948932453365160e+01 -4.822279482335630746e+03 -4.823319914828118272e+03 -3.957357663182392571e-01 1.675459770922315954e+02 -1.428241526859551414e+03
2.112859667627731142e+01 -5.023651920660654469e+03 -5.024800608638372069e+03 -4.120430349701109662e-01 1.748503564158454253e+02 -1.473507446013059052e+03
2.202319382988093821e+01 -5.231891912468142436e+03 -5.233183359526861750e+03 -4.499579287084998214e-01 1.824673745431936993e+02 -1.519749485469191086e+03
2.295751912288324093e+01 -5.447103859009303051e+03 -5.448541143960625050e+03 -4.940455968949208909e-01 1.903686097648460134e+02 -1.566949501013510826e+03
2.393364924429874918e+01 -5.669395365379386931e+03 -5.670946370659663444e+03 -5.173628069883307035e-01 1.985256403713719635e+02 -1.615085523978279980e+03
2.494225557589402342e+01 -5.898807997143478133e+03 -5.900460789769169423e+03 -5.285889540687094268e-01 2.070521532004931657e+02 -1.664130974600112722e+03
2.596802676228548989e+01 -6.135339676008470633e+03 -6.137134903518216561e+03 -5.544268500727866922e-01 2.158628831239184080e+02 -1.714054751382121822e+03
2.701084617268634247e+01 -6.378996372311803498e+03 -6.380947875466375990e+03 -5.848323172301661543e-01 2.250146735605084984e+02 -1.764820541097975592e+03
2.808350228869471721e+01 -6.629783507210618154e+03 -6.631835789746191040e+03 -5.807376577138256835e-01 2.344791028008330045e+02 -1.816386755030748645e+03
2.920110406915910062e+01 -6.887654252618318424e+03 -6.889734304802886072e+03 -5.504396727928906330e-01 2.443130142637527911e+02 -1.868705911385831087e+03
3.038086989124622050e+01 -7.152499905012291492e+03 -7.154609999054059699e+03 -5.590207225623089471e-01 2.544311428209766177e+02 -1.921724308403497616e+03
3.162507857990703997e+01 -7.424178730388177428e+03 -7.426352319173985961e+03 -6.241804173328091565e-01 2.649471753102261005e+02 -1.975381764205337731e+03
3.291005784149092506e+01 -7.702511540756119757e+03 -7.704778642200323702e+03 -6.752984120907967736e-01 2.758611117315012393e+02 -2.029610909106452254e+03
3.421160278662682686e+01 -7.987291331401706884e+03 -7.989656301070453992e+03 -6.701094442860267009e-01 2.871161086659412263e+02 -2.084337476850350868e+03
3.551453705489393542e+01 -8.278290970372494485e+03 -8.280737451264712945e+03 -6.646246621357931872e-01 2.986553226946852533e+02 -2.139479337998920982e+03
3.681708693375185248e+01 -8.575244513029303562e+03 -8.577724052829580614e+03 -7.110886716645836714e-01 3.106492840743157444e+02 -2.194947035584448258e+03
3.816375578128372581e+01 -8.877827715771616568e+03 -8.880273753062738251e+03 -7.803624858411239984e-01 3.229843059671110836e+02 -2.250642589735718957e+03
3.959779725056478128e+01 -9.185668499997917024e+03 -9.187995934066691916e+03 -8.295879408706241520e-01 3.356035449542104629e+02 -2.306460400310697878e+03
4.107785952305675892e+01 -9.498355898839918154e+03 -9.500433411983067344e+03 -8.586645067225617822e-01 3.487343747110571144e+02 -2.362286505499753275e+03
4.253966605244841048e+01 -9.815426061173127891e+03 -9.817079728621705726e+03 -8.837258968128480774e-01 3.620925781433469979e+02 -2.417999084210066485e+03
4.400823006596965570e+01 -1.013630678808487937e+04 -1.013738922278207610e+04 -9.267386894293849764e-01 3.759055289265233455e+02 -2.473467263978420760e+03
4.555254721714163679e+01 -1.046034078029288139e+04 -1.046078155412686829e+04 -1.009782992809959978e+00 3.900595402228645412e+02 -2.528551823830298417e+03
4.715843346593828755e+01 -1.078689764821331119e+04 -1.078653036195061031e+04 -1.098048330561596231e+00 4.045546120323705850e+02 -2.583104059804213648e+03
4.874777288932818919e+01 -1.111534062567011460e+04 -1.111382726153118529e+04 -1.113614453402078652e+00 4.193907443550414769e+02 -2.636966397698586206e+03
5.031142560181933732e+01 -1.144486802493895448e+04 -1.144176571893012806e+04 -1.059570115444330440e+00 4.345110937720164088e+02 -2.689972027917349351e+03
5.192124641280315700e+01 -1.177448021793173939e+04 -1.176941710922500351e+04 -1.032701452118089946e+00 4.499156602832953809e+02 -2.741945078022524740e+03
5.360702022301211400e+01 -1.210338397714053826e+04 -1.209576927715482998e+04 -1.079679138968003826e+00 4.657181307266000090e+02 -2.792700780502173075e+03
5.532107812462072616e+01 -1.243114522785486952e+04 -1.241980384056989715e+04 -1.153482574125064275e+00 4.816911314264870043e+02 -2.842044989210592121e+03
5.702037640389789885e+01 -1.275653121935590571e+04 -1.274039549455562701e+04 -1.221498232666817785e+00 4.980620360583997126e+02 -2.889776709063312410e+03
5.869467031016029068e+01 -1.307635370210903056e+04 -1.305630913672416682e+04 -1.309421871269478288e+00 5.145466275280340369e+02 -2.935688263886504501e+03
6.034400762973746168e+01 -1.338929744350207329e+04 -1.336605209542665216e+04 -1.432049352501962858e+00 5.313722795108332093e+02 -2.979563131722784419e+03
6.199266337387143722e+01 -1.370184231589212141e+04 -1.366800425703161090e+04 -1.533982509499765001e+00 5.481979314936323817e+02 -3.021168016756405450e+03
6.366489655761142785e+01 -1.401888434779709678e+04 -1.396084952081446318e+04 -1.561512471880632802e+00 5.652509571518747862e+02 -3.060267958384997655e+03
6.533672338889573439e+01 -1.432584833807686664e+04 -1.424352698685913674e+04 -1.568827588357635250e+00 5.825313564855604227e+02 -3.096647013928190972e+03
6.696684413213915832e+01 -1.460388235324773996e+04 -1.451414391093771883e+04 -1.635230826195765985e+00 5.995843821438028272e+02 -3.130087329309276356e+03
6.855647261625108513e+01 -1.485922067071442143e+04 -1.476962971939769886e+04 -1.720297799920444959e+00 6.170921551529316957e+02 -3.160309937890929177e+03
7.013500742914402508e+01 -1.510981178142617318e+04 -1.500781672319772042e+04 -1.730038529899502464e+00 6.342588676488957162e+02 -3.187010785199049678e+03
7.168447589958759636e+01 -1.535663264925244584e+04 -1.522723606489103076e+04 -1.694705145837360760e+00 6.514255801448597367e+02 -3.209918531671860364e+03
7.314704480518230412e+01 -1.558817620467232155e+04 -1.542598009027915396e+04 -1.734326781843265053e+00 6.684786058031021412e+02 -3.228787690285230383e+03
7.452318306172855955e+01 -1.579890206368747749e+04 -1.560225662799268684e+04 -1.864243842646828853e+00 6.851905709481796976e+02 -3.243381719212607095e+03
7.587572657371310925e+01 -1.599031369568285663e+04 -1.575434174557835831e+04 -1.985169942031461687e+00 7.017888492555356379e+02 -3.253474470158494114e+03
7.719966457818827621e+01 -1.616324405122418284e+04 -1.587956884948709921e+04 -2.042372248865831352e+00 7.179323802120051141e+02 -3.258832394593696336e+03
7.839006309393425909e+01 -1.631604951969927606e+04 -1.597530407359704441e+04 -2.060730561993295851e+00 7.338485374930313583e+02 -3.259208965727793839e+03
7.938772393265480787e+01 -1.644714776122191324e+04 -1.603878545839313483e+04 -2.067530588305999117e+00 7.489688869100062902e+02 -3.254365271377764657e+03
8.026230239340748085e+01 -1.655521423524851343e+04 -1.606758414510465991e+04 -2.078739433954979177e+00 7.638618626515379901e+02 -3.244066849112755335e+03
8.106611627317761304e+01 -1.663923408494497198e+04 -1.605920255030093722e+04 -2.103236022776400205e+00 7.779590305290183778e+02 -3.228097767028316412e+03
8.173282676079907105e+01 -1.669862163184609381e+04 -1.601107108676876487e+04 -2.129767079622979509e+00 7.910330168670042212e+02 -3.206257519959763158e+03
8.219141387519357522e+01 -1.673306497115015736e+04 -1.592071969756239014e+04 -2.147306820120320481e+00 8.034248821786603685e+02 -3.178373011828625749e+03
8.247643771767343424e+01 -1.674259126459014442e+04 -1.578593099463023464e+04 -2.168208740272348223e+00 8.149072527885435875e+02 -3.144294134748520264e+03
8.264630344069701096e+01 -1.672750348378974741e+04 -1.560461649945375393e+04 -2.208568198511784431e+00 8.252527550212106462e+02 -3.103904507397487578e+03
8.267842048508100561e+01 -1.668843156269042447e+04 -1.537416270391179205e+04 -2.255352628139917215e+00 8.343477020389399286e+02 -3.057106562897047297e+03
8.251803948769520503e+01 -1.662591650513195418e+04 -1.509255593091017909e+04 -2.283507793777062034e+00 8.420784070040098186e+02 -3.003840976850256084e+03
8.212321137511935376e+01 -1.654143451343088600e+04 -1.475788106342065475e+04 -2.289886997800749668e+00 8.484448699164203163e+02 -2.944088217475723468e+03
8.146774163412828784e+01 -1.643676893272015514e+04 -1.436901168127997153e+04 -2.286340835553346551e+00 8.534470907761714216e+02 -2.877878687688053105e+03
8.057563198713069141e+01 -1.631454277505054051e+04 -1.392465073803566520e+04 -2.285039605794736417e+00 8.564029485569334383e+02 -2.805291284841928245e+03
7.952375906802444661e+01 -1.617745958258910832e+04 -1.342442648624330468e+04 -2.297793618595278531e+00 8.578808774473144467e+02 -2.726459300899364280e+03
7.829642613705800613e+01 -1.602900487790054649e+04 -1.286841693674102680e+04 -2.326977620441539329e+00 8.574261300964279826e+02 -2.641582714914989083e+03
7.675172668473351223e+01 -1.587319402151444956e+04 -1.225762352001959152e+04 -2.361974216341877764e+00 8.548113328288308139e+02 -2.550928834203318729e+03
7.483694079769520613e+01 -1.571462662730857483e+04 -1.159365284297086873e+04 -2.391780543121058145e+00 8.502638593199661727e+02 -2.454838851949602940e+03
7.269379329068215156e+01 -1.555867088675415653e+04 -1.087887727589350106e+04 -2.406755689094097761e+00 8.438973964075556751e+02 -2.353725173901239032e+03
7.043752740560194070e+01 -1.541058773853899220e+04 -1.011713054067865778e+04 -2.396413189785562281e+00 8.349161362275480087e+02 -2.248079858751111715e+03
6.802694074281134817e+01 -1.527688556844373124e+04 -9.313254065837782036e+03 -2.346859639260401309e+00 8.241158866439944859e+02 -2.138479680154659945e+03
6.541294979490430705e+01 -1.516347206055490824e+04 -8.473569779566105353e+03 -2.253053456229281437e+00 8.109282134682870264e+02 -2.025573396259801484e+03
6.260835694581601274e+01 -1.507711480661248424e+04 -7.605440490376395246e+03 -2.148601981502906710e+00 7.956941772135904785e+02 -1.910096225810889337e+03
5.965126470732684538e+01 -1.502374016347596262e+04 -6.717313899372015840e+03 -2.069028767095915100e+00 7.781864042044616099e+02 -1.792835772268858818e+03
5.662281417630765645e+01 -1.500906246503438888e+04 -5.820038102498983790e+03 -2.001167794787761522e+00 7.590870154672301169e+02 -1.674661451450674576e+03
5.359708884452629718e+01 -1.503888104109739652e+04 -4.923892116394995355e+03 -1.918293256949255010e+00 7.379412636510095354e+02 -1.556464258828555103e+03
5.055621159635848016e+01 -1.511608135853759813e+04 -4.042574335349172543e+03 -1.847995452067152655e+00 7.153175829444079454e+02 -1.439184682627342227e+03
4.741270049419199495e+01 -1.524495753173869161e+04 -3.186910198827035856e+03 -1.842478966636917903e+00 6.913296601851469632e+02 -1.323746128901575503e+03
4.431965216554090148e+01 -1.542295563278128066e+04 -2.372669429337179281e+03 -1.873484423299487389e+00 6.663185558863914366e+02 -1.211071053322484659e+03
4.154472355571670050e+01 -1.565089459577347952e+04 -1.609917983171840206e+03 -1.851609912137064384e+00 6.405116437235845979e+02 -1.102027714431869754e+03
3.916181379224781267e+01 -1.592197256415818083e+04 -9.127468094579853641e+02 -1.750090498944700812e+00 6.145910447230561431e+02 -9.973913588636378336e+02
3.695027239268711128e+01 -1.623237659690505461e+04 -2.895031867159332251e+02 -1.613942854646666092e+00 5.884430720470844562e+02 -8.978353707807400497e+02
3.488776272922677890e+01 -1.656544602340591155e+04 2.470116504904353860e+02 -1.485774962588948256e+00 5.626361598842776175e+02 -8.038976491166067717e+02
3.317310020065633580e+01 -1.690235533321924595e+04 6.915708594985972013e+02 -1.400116845843513147e+00 5.377387424232437070e+02 -7.160183658278356233e+02
3.186793677969035343e+01 -1.723532950690503276e+04 1.048785982506274195e+03 -1.367917466723156394e+00 5.138645065017043407e+02 -6.343744748994595284e+02
3.083532649429798767e+01 -1.755368346453599224e+04 1.320323847221175129e+03 -1.349332342215348035e+00 4.914681994705459829e+02 -5.588696612265948716e+02
3.004930056800958482e+01 -1.782535850326462241e+04 1.496243514612046965e+03 -1.311287450448617165e+00 4.704361344920470174e+02 -4.893172713658486828e+02
2.960950887791113928e+01 -1.798733358295589642e+04 1.572027032684445658e+03 -1.264170653769269848e+00 4.513935891736763892e+02 -4.255924082712567724e+02
2.936027065106827649e+01 -1.801765882771394536e+04 1.580756943380038138e+03 -1.224304804907205835e+00 4.343405635154339848e+02 -3.673520355997652587e+02
2.902034834443156797e+01 -1.789614303522296177e+04 1.564244932411895661e+03 -1.191258707535780559e+00 4.191633706795982448e+02 -3.137744772659516457e+02
2.856929609441749562e+01 -1.756833614379678329e+04 1.530890829721442969e+03 -1.158024436449522909e+00 4.054641067341435132e+02 -2.640688521286733703e+02
2.804149662614463523e+01 -1.700125066632710877e+04 1.492795009263545580e+03 -1.111482874932789855e+00 3.926743374904617099e+02 -2.176239437756066764e+02
2.733264385784650585e+01 -1.620513959813706606e+04 1.456680908394275775e+03 -1.053870223472586076e+00 3.807372195296920268e+02 -1.739632380932221167e+02
2.620180021398255121e+01 -1.522927061646521361e+04 1.416826244635103649e+03 -1.011895683006969193e+00 3.689137884066439597e+02 -1.327310747701062610e+02
2.453520381749285661e+01 -1.404612915305858587e+04 1.438480439893396579e+03 -9.987667297650659748e-01 3.568629836081526605e+02 -9.369784206757003631e+01
2.236391089587641545e+01 -1.264193459871978484e+04 1.580186481860835102e+03 -9.918316837911334005e-01 3.436753104324452011e+02 -5.684672936570223101e+01
1.975755793779399028e+01 -1.113296363852037939e+04 1.818896244850634503e+03 -9.318048636259845807e-01 3.288391781097743092e+02 -2.243163962378957876e+01
1.679585026096219735e+01 -9.666659794079294443e+03 2.113604382973107931e+03 -8.776684676945478714e-01 3.117861524515319047e+02 9.031836240410484606e+00
1.377276909539659755e+01 -8.407505816006050736e+03 2.410609037751612505e+03 -8.555931285059159563e-01 2.928572939708828358e+02 3.693890366452023954e+01
1.114223290858262772e+01 -7.495682151355196766e+03 2.656696207397601484e+03 -8.068953704309933528e-01 2.723368197621311424e+02 6.081785972799025330e+01
9.131782775966712506e+00 -6.997104050840675882e+03 2.826575343108515881e+03 -7.105222452992165927e-01 2.512479113647713689e+02 8.052065547565234738e+01
7.733447998077735974e+00 -6.895330480566314691e+03 2.913051359097607929e+03 -6.450735522207651229e-01 2.305000634805764719e+02 9.629101121859662271e+01
7.206068314133062813e+00 -7.122101290161878751e+03 2.901866672643080619e+03 -5.855427778556077101e-01 2.112017227773321508e+02 1.087530929521562939e+02
7.544779314088145838e+00 -7.582743680420549026e+03 2.772586628028676387e+03 -5.383791912549895642e-01 1.942339622473809584e+02 1.188796455665226404e+02
8.437950146145567487e+00 -8.122353833329356348e+03 2.525716577037485422e+03 -4.840854547580875078e-01 1.802789029170525907e+02 1.278486719337479371e+02
9.476484404501661629e+00 -8.526956666828169546e+03 2.217501769016450908e+03 -4.718771575085156655e-01 1.694786533334990679e+02 1.367096922587052177e+02
1.019981958734206273e+01 -8.561390778193981532e+03 1.938686715408579175e+03 -4.487415471032818459e-01 1.614921529835555418e+02 1.459418173856477097e+02
1.019300958395774614e+01 -8.067408710940071614e+03 1.763301715316828222e+03 -3.871917129742996622e-01 1.550404249428538321e+02 1.551706219336210779e+02
9.199581498023690074e+00 -7.057692285156434991e+03 1.716764399638577743e+03 -4.002464575307840278e-01 1.486739620304433345e+02 1.632461952999051391e+02
7.379109290440055702e+00 -5.740950244481837217e+03 1.774744693817893904e+03 -3.788190998648133245e-01 1.411422090313862725e+02 1.686565541286597636e+02
5.219368391607304147e+00 -4.463130573540297519e+03 1.882343558601633049e+03 -3.898811997942175367e-01 1.316777797910617380e+02 1.701910355598954538e+02
3.323918513459034330e+00 -3.561624268979713179e+03 1.982547669095310994e+03 -3.287111225347416621e-01 1.205791022584889731e+02 1.675920034138869141e+02
2.243460956179887944e+00 -3.232915839301881533e+03 2.011249841598427565e+03 -2.993686775027981639e-01 1.088551471184473343e+02 1.618348670116489529e+02
2.359651600485790368e+00 -3.476247459558735045e+03 1.892304428328500762e+03 -2.749325907132060820e-01 9.791278898774179140e+01 1.550893372998984887e+02
3.307510949937864098e+00 -4.011827313651877830e+03 1.645573590071563785e+03 -2.438377748035236436e-01 8.920153504732296312e+01 1.499658200684592657e+02
4.268620367213316058e+00 -4.361809184072214521e+03 1.403614247242188640e+03 -2.340294265081865888e-01 8.307665666507089952e+01 1.477410103511402895e+02
4.612910009825554880e+00 -4.217916484001733807e+03 1.241942684348842249e+03 -2.009626888366256026e-01 7.867129170335827837e+01 1.475493252779358500e+02
3.955621767275374623e+00 -3.560663882455116891e+03 1.185143079123648022e+03 -2.122216898357009995e-01 7.463540896424090931e+01 1.472199617624028178e+02
2.609680820867765760e+00 -2.658058727726597681e+03 1.241978093478209530e+03 -1.964024153124910299e-01 6.961897724977460200e+01 1.441082086047771327e+02
1.416380309095188750e+00 -2.043734394113201233e+03 1.284505361351406691e+03 -1.817093481406573119e-01 6.333777946565531636e+01 1.372937545567225470e+02
1.129133119405878460e+00 -1.979675146713844924e+03 1.224842654005328768e+03 -1.493204172930973073e-01 5.685052428816560877e+01 1.287337171323770235e+02
1.600745481908916190e+00 -2.257208701075938734e+03 1.078493350267670849e+03 -1.418174971163921327e-01 5.137934522281283733e+01 1.213366788616099257e+02
2.193673615529689869e+00 -2.434879522753462425e+03 9.179483071528267146e+02 -1.269810773223412070e-01 4.746425474877468531e+01 1.166922477965499638e+02
2.150482179366974833e+00 -2.202571292231723874e+03 8.337253072931431461e+02 -1.354761266441073531e-01 4.447997525858226453e+01 1.136625898501080201e+02
1.431551380406403950e+00 -1.687305684798680204e+03 8.408842716793926684e+02 -1.166487820754014137e-01 4.127542752030421269e+01 1.094888417323360841e+02
8.304188199872442055e-01 -1.354021048084916856e+03 8.350139478111415201e+02 -9.715138530452804844e-02 3.747402388398767670e+01 1.030656308228756757e+02
8.242789599890443242e-01 -1.366164429370094467e+03 7.704484753278819653e+02 -9.401402607522868493e-02 3.373656909388954972e+01 9.606730736891933020e+01
1.142332608978335884e+00 -1.474640029403694598e+03 6.642835802591804395e+02 -8.800025302946323791e-02 3.077360588576993194e+01 9.063526664004939448e+01
1.137428537020923613e+00 -1.349178711836518914e+03 6.039693928060785311e+02 -7.276111859866318810e-02 2.845723656719200889e+01 8.657031715906882141e+01
7.695458454008985427e-01 -1.075164212102581814e+03 5.890043441041079859e+02 -7.033736773109922069e-02 2.613731453493528178e+01 8.204444259504128922e+01
5.591983241650666514e-01 -9.478419884901185242e+02 5.593636458575942925e+02 -6.663273200047115097e-02 2.365396767345373163e+01 7.653866689429378312e+01
6.516274361807461446e-01 -9.653165556339331488e+02 4.999248945721923292e+02 -6.058755111482128086e-02 2.143707433788221906e+01 7.145982719093879609e+01
6.702513174943192098e-01 -9.062157907090373783e+02 4.492989054322862330e+02 -5.610765319374877436e-02 1.962874307537276408e+01 6.734145860601614686e+01
4.912269770578348016e-01 -7.586379272941705949e+02 4.266528697797937753e+02 -5.137885153416732464e-02 1.791988779586972313e+01 6.321990054066262132e+01
4.134209382691267365e-01 -6.898402487507553360e+02 3.967599065788078860e+02 -4.557722479248127456e-02 1.622524337108188419e+01 5.881671147299627478e+01
4.381145338729908190e-01 -6.665775367797408535e+02 3.561143923546819110e+02 -4.101340303463985038e-02 1.473132726914627355e+01 5.484288784943203154e+01
3.835847999447139500e-01 -5.903513500124564644e+02 3.279822336901325457e+02 -3.835341751390330955e-02 1.342215227850829073e+01 5.125251149180698462e+01
3.095519095666077192e-01 -5.245352547271285175e+02 3.043103980609806740e+02 -3.304636653211900921e-02 1.216271527937351316e+01 4.763319101311225268e+01
3.015406693638311708e-01 -4.915181081376953784e+02 2.759919636891936534e+02 -3.216084412649422575e-02 1.101874147479975186e+01 4.423160331146114288e+01
2.657258974014808928e-01 -4.401522505689570153e+02 2.532499392831279863e+02 -2.850230302264833426e-02 9.999112648984008089e+00 4.110929613876557198e+01
2.260960456101912541e-01 -3.965702140419136299e+02 2.325752892279062678e+02 -2.576361979755859011e-02 9.050538096744274341e+00 3.808855948002509706e+01
2.131733537762414699e-01 -3.636378662036072456e+02 2.114738055299554276e+02 -2.329128681033409975e-02 8.194334100153353617e+00 3.527252946935632849e+01
1.830048560860220164e-01 -3.261315061817419974e+02 1.935445075283483902e+02 -2.085330939571861109e-02 7.412737090817243413e+00 3.263651072781037499e+01
1.642351010184839311e-01 -2.963199735647164061e+02 1.765164431400636431e+02 -1.504270314889311067e-02 6.700417998217743865e+00 3.014830955655600775e+01
1.486991605110787873e-01 -2.686565243268415202e+02 1.596950102519834047e+02 -1.940278245893267695e-02 6.053824108676052695e+00 2.783499784281406875e+01
1.333735561628301980e-01 -2.434094915190030406e+02 1.442293289986142781e+02 -2.139089316965936405e-02 5.468514530093670167e+00 2.567097366620707533e+01
1.186752761670462064e-01 -2.197794020559298360e+02 1.312196872205664135e+02 -1.949225789932285124e-02 4.935607478273595028e+00 2.364890024340926544e+01
1.050738732244482776e-01 -1.979984879605218850e+02 1.198568090589189268e+02 -1.596652340474236098e-02 4.452438417956726902e+00 2.176368825782937222e+01
9.286424393373238217e-02 -1.781866467650425818e+02 1.095487342370660144e+02 -1.240946654057495380e-02 4.012790100205164912e+00 2.000976650664743062e+01
8.217850699443474127e-02 -1.603719997624115763e+02 9.988481472155274332e+01 -9.865466957581503493e-03 3.617106614228759565e+00 1.838118745531192033e+01
7.282101180505762272e-02 -1.444153634339286896e+02 9.075642075119327501e+01 -8.443457633067197321e-03 3.256950265040358783e+00 1.687123103751453357e+01
6.457433624662556326e-02 -1.300775940315790251e+02 8.224463173086738266e+01 -7.669055871684093972e-03 2.931876963430112948e+00 1.547271985004705641e+01
5.727175477510115797e-02 -1.171531066345030609e+02 7.440046427924728789e+01 -7.177898563970330770e-03 2.638778084929071621e+00 1.417872836873046438e+01
5.077571375222689198e-02 -1.054691621598502422e+02 6.724430279082137929e+01 -6.716668012884952077e-03 2.372324559019034051e+00 1.298262113403714224e+01
